eigenvalues_preshape: [0.0035638  0.00140337 0.00088027]
eigenvalues_full: [164.6697854   64.84311419  40.67382234]
