eigenvalues_preshape: [0.01519633 0.00404366 0.0018354 ]
eigenvalues_full: [0.00928183 0.00246957 0.00112087]
